Rank-1: 79.07%
Rank-5: 88.28%

             precision    recall  f1-score   support

          0       0.77      0.77      0.66        75
          1       0.69      0.74      0.71        46
          2       0.78      0.77      0.72        43
          3       0.73      0.71      0.75        27
          4       0.73      0.71      0.72        39
          5       0.73      0.76      0.73        25
          6       0.77      0.75      0.76        40
          7       0.76      0.73      0.75        56
          8       0.78      0.71      0.79        36
          9       0.75      0.78      0.71        46
         10       0.67      0.82      0.74        93
         11       0.62      0.76      0.79        22
         12       0.78      0.73      0.70       155
         13       0.66      0.77      0.61        43
         14       0.74      0.66      0.60       144
         15       0.79      0.77      0.78        56
         16       0.71      0.76      0.76        26
         17       0.85      0.85      0.80        51
         18       0.78      0.76      0.87        50
         19       0.77      0.79      0.78       115

avg / total       0.78      0.79      0.78      1188

